0.02678
0.033966
0.024532
0.027916
0.038803
0.03115
0.03411
0.033135
0.0035985
0.0074361
0.0039581
0.00378
0.002525
0.0028355
0.0052549
0.0047706
0.0082648
0.0073764
0.0086161
0.0073066
0.012466
0.0085061
0.012777
0.010396
0.005397
0.010203
0.0040457
0.0051465
0.010139
0.0059871
0.0060609
0.0062039
0.0095194
0.0089511
0.0079125
0.011682
0.013672
0.013821
0.010018
0.011765
5.8452e-05
0.00014806
0.00078084
0.0019969
0.00048449
0.00099685
0.0013116
0.00084929
0.0013723
0.004342
0.0010082
0.0011508
0.0013553
0.0010754
0.00328
0.0018894
0.0020139
0.0044119
0.0023362
0.0013077
0.0016454
0.0011637
0.0031811
0.0026108
0.0039751
0.00020365
0.00050016
0.0027154
0.002248
0.00073964
0.00085046
0.00091491
0.0017649
0.0015298
0.0010872
0.00061126
0.00063853
0.00063167
0.00053863
0.0017584
0.00040281
0.0014162
0.0010819
2.1128e-05
4.6744e-05
0.00013154
0.00012463
0.00027351
0.0018783
0.002006
0.0028419
0.0023442
0.0068678
0.0046197
0.0055294
0.0041359
0.00039739
0.00075491
0.0029378
0.0009393
0.001705
0.001983
0.0032159
0.0027345
0.002024
0.0057919
0.00075871
0.00026489
0.0041474
0.00083105
0.00031129
0.0002362
0.00089792
0.0013513
0.00084794
0.001272
0.0017245
0.0017954
0.0017014
0.00055403
0.0014518
0.0032517
0.0032385
0.0059043
0.0058809
0.007136
0.0040643
0.003935
0.0044986
0.0036364
0.0021915
0.0032862
0.0041356
0.0031706
0.0027997
0.0040519
0.0010565
0.001855
0.0017251
0.0021121
0.0012479
0.00065486
0.0020238
0.0032553
0.0014186
0.0012045
0.00071395
0.0014975
0.0030196
0.0027057
0.0020244
0.0021584
0.0014759
0.0012178
0.0023553
0.0020101
0.0014585
0.0026742
0.0014338
0.0026899
0.0020931
0.00084528
0.00012719
0.00048178
0.0021972
0.00084033
0.00172
0.0010879
1.3214e-05
3.9894e-05
1.6229e-05
0.00073201
0.0002536
0.00076422
0.00024214
2.757e-05
0
6.0085e-05
0.00059409
0.0010081
0.00015862
7.328e-05
0
0
0.0004264
0.0011974
9.485e-05
0.00011313
0.00095416
0.00031795
0
0.00021552
0.0008216
0.00030896
0.00035272
0.00057563
0.00032357
0.00045357
0.002379
0.0012532
0
0
0
0
0
0
7.5544e-05
0
0.00078061
0.00071189
0.0017593
2.9657e-05
0.00033053
0.00015753
0
4.3837e-05
0.001511
0.0001453
8.6729e-05
2.013e-05
0.00017486
1.3916e-05
9.8524e-05
8.1679e-05
0.0017922
2.9556e-05
2.3158e-06
0.00013394
0.00052736
0.00032616
0.00042742
0.00029105
3.6437e-05
2.0555e-05
0
0
3.4296e-05
0.00010404
0.00099202
0.00022038
8.8015e-06
2.7527e-05
0.00017052
0.0002459
2.0721e-05
5.5312e-05
7.7474e-05
0.00055572
0
0.0026778
0.00043672
0.00022096
0
0
0
0.00013026
0.00012431
6.9781e-05
0.0001239
0.00024104
7.7526e-05
0.00030392
0.00090103
0.00029041
0.00068409
0.0010793
0.00046818
0.00083112
0.00051753
0.00069294
0.002544
0.0020513
0.00041765
0.0026207
6.1755e-05
0.00036409
0.00078365
0.00023142
0.00042449
0.00032208
0
2.8795e-05
0.00041111
0.001664
0.00025264
0.00013507
0
0
0.00067182
0
0
0.00089737
0.0012931
0.00026449
0.00032451
0.00054218
1.4503e-05
0
0.00019164
0.00015474
0.0005038
0.00063167
0.00029588
0.00015218
0
1.0835e-05
7.1778e-05
0.00018191
0
0
0.000109
0.00056323
0.00024438
0.0013629
0.00090268
0
0
0
0
0.00020416
0
0
0
0
0
0
0
0
0.00090552
0.00010649
4.4726e-05
0.00023141
0.0018767
0.0009529
0.00053354
0.00038225
0.00097944
0.0010107
0.0020152
0.0013453
0.0023566
0.0012581
0.0031345
0.0017382
3.9748e-05
0.00028137
0.00052423
0.00037758
0.00075575
0.00116
0.0013491
0.0009827
0.00021444
2.7412e-05
0.00073716
6.6079e-05
0.00050109
0.0001307
0.00071041
0.0014701
0.0004233
0.00019677
0.00035912
0.00019086
0.00015199
0
0.00010081
0.0010104
0.0012647
0.0013222
0.00041944
9.4553e-05
0
0
3.2948e-05
7.8259e-05
0.00015843
0.00014131
0.00017925
1.2778e-05
4.6744e-05
0.00013154
0.00012463
6.9357e-05
0
0
0
0
0
0
0
0
0
0
0
0
0.0005564
0.00023106
0.00016156
0.0005549
0.00012494
0.00075978
0.00082897
0.00085033
0.0019066
0.0019832
0.0017222
0.0016541
4.1558e-05
0.00028979
0.00044016
0.00010007
0.00021521
0.00069238
0.0007676
5.3573e-05
6.2425e-05
1.0299e-05
0.0011151
0.00036748
0.00023299
0
0.00015003
0.00022813
0.00058594
0.0015033
0.00024149
0.00018703
0.0017114
0
4.9428e-06
8.0593e-06
0.00039929
0.0018097
6.1838e-05
0
0.0022671
0.00024684
0
0
0
0.00065924
0.0002371
8.2786e-05
0.00011241
0
0
0
0
0
0
2.0653e-05
4.561e-05
0.00010173
0.00021206
3.0724e-05
0.00017333
0.0003408
0.00051577
0.0020102
0.00082393
0.00033176
0.0010953
0.0012003
0.00059534
0.0022491
0.0012284
0.0009695
0.0018544
0.0044329
0.0021128
0.00099916
0.0003315
0.00030433
0.00060057
9.2596e-05
2.8057e-05
0
0.00056814
0.0012818
0.0013752
0.0016178
0.00092569
0.00061446
0.0010301
0.00074843
0.0016552
0.0013484
0.00085774
0.00022983
0.00014052
6.9067e-05
0.00010656
0.00051213
0.00013893
0.00020807
5.6393e-05
0.0021031
0.00036007
8.8015e-06
6.2377e-05
7.2086e-05
0
0
0
0
0
0
6.3656e-06
1.5914e-05
1.8599e-05
1.2259e-05
0.00067833
0.00064316
0.00061084
0.0010954
0.0014043
0.0012772
0.0014215
0.00051105
0.00051346
0.00052202
0.001247
0.0019693
0.0020108
0.0014601
0.00058763
0.0012306
0.00016964
0.0002687
0.00022232
0.00092798
0.0013769
0.0011875
0.00030459
0.00050492
0.0013178
0.00099296
0.00044287
0.0016659
0.00024323
0.00032615
0.000191
0.00038319
0.0012139
0.0007329
0.00031909
0.00094125
0.0026885
0.0018087
0.00048308
0.0010385
0.00021582
2.5204e-05
0
0
0.0001448
0.00040311
0.00090493
0.00035735
0.00046528
0.0008471
0.0011863
0.00057791
0.00049507
0.00021391
0.00023608
0.00029592
0.00045447
0.0008283
0.00020757
0.00042755
0.0018156
0.0014165
0.00060861
0.00019382
0.00034046
0.00040472
0.00015229
0.00089211
0.00096439
0.0010538
0.00073105
0.00084602
9.5137e-05
0.00011659
0.00010176
0.0012582
0.00027783
8.584e-05
0.00023915
0.001642
0.00035923
0.0002981
0.001277
0.00020229
6.5877e-05
0.0001886
0.00085212
0.00070965
0.00078389
0.00034139
2.4398e-05
8.0583e-05
0.0019827
0.00045621
0.00058596
0.00071478
0
0
0
0
0.0001226
3.985e-05
0
0
0.000288
0
0
0.00064528
0.00031712
0
0.00056541
0.0016703
0.00025997
0.0010041
0.0005388
0.00088886
0.0002909
2.1462e-05
0.00035983
0.00092434
0.00024565
0
0
0.00021162
0.00031627
0.00055994
0.000734
0.00060534
0.00059759
2.038e-05
0.00012968
0
0
0
0
0.00051322
0.00083158
0.00011884
0.0001336
0.00018965
0.00042884
0.00042284
0.00027129
0.00029222
0.00018999
0.00066734
0.00086082
0.00037378
0.00052328
0.0016422
0.00014983
4.608e-05
8.4962e-05
5.1783e-05
4.4031e-05
0.00035331
0.00022967
0.00058743
0.00060612
0.00016682
0.0015237
0.00028813
8.316e-05
4.7885e-05
7.9476e-06
4.4115e-05
0.00066903
0.00020632
